15519381	18229081
15519381	19687912
15519381	48095531
15519381	1940511776
15519381	133364835
15519381	776906432
15519381	1378591543
15519381	128822364
15519381	1358991337
15519381	16167628
15519381	266509771
15519381	330812543
15519381	115625359
15519381	706605216
15519381	158198206
15519381	616728855
15519381	119952937
15519381	444613269
15519381	233166015
15519381	452705625
15519381	93903248
15519381	1464280788
15519381	1453120782
15519381	739874360
15519381	83502049
15519381	1584665048
15519381	148445500
15519381	1550533068
15519381	75742095
